90732
90802
00726
61748
40009
49871
12175
34239
02543
85029
46979
57745
62370
41817
81021
08327
84082
13502
60512
84309
24831
85273
05769
14429
79855
72453
02115
59711
38222
83874
78932
70060
04747
63737
84095
03233
95814
36790
85616
28126
75246
97333
83554
80501
07061
12858
37324
32209
87375
44693
80104
18821
61311
45070
99590
10549
72364
53059
36442
80323
41642
72319
50394
95627
90202
74183
08096
43467
35281
40503
13794
62226
27705
20138
53225
18825
15737
97053
02451
62049
22015
85118
94543
23436
28124
61953
26531
71914
92584
85359
57448
14036
30394
75603
35592
44855
22830
48161
48066
38666
73626
93388
